[Graphics]
SgnCNT=1
gph=4294967295,4278190080,4278190080,0,0,0,133.695688907125,20,100000,-1,0,-1,DEFAULT,20,-1,-1,0,-1
ui0=-1;-1;0;4278190335;MCxBbGl2ZUluZGljYXRpb24sRG11X0FsaXZlSW5kaWNhdGlvbiwwLDUxMiwwLDAsLTEyLjc1LDI2Ny43NSwxLDAsMCwtMSw4LDAsLCwwLDAsMCwxLC0xLC0xMi43NSwyNjcuNzUsMCwxMDAsMSwsMCwsLA__;"";1;0;0
HName=Group 2
UIVis=-1,-1,-1,-1,-1,-1,0,0,0,0,0,0
UIWidth=52,107,55,21,64,64,64,64,64,64
GridHeight=234
YMax=0
SplitCount=1
TotalHeight=236
PersistentSel=1
DisplayFrameDotSgn=0
ShowSelFloatingCur=0
Heights=1;0;
UICommon=0,-1,0,0,R3JhcGhpY3M_,100,179,3227110637129735056,0
UIFilter=
UISettings=0,2,-1,362

[Graphics1]
SgnCNT=1
gph=4294967295,4278190080,4278190080,0,0,0,133.695688907124,20,100000,0,0,-1,DEFAULT,20,0,0,0,-1
ui0=-1;-1;-1;4294901760;MCxJQ01fSUQsSW5mb0NsdXN0ZXJtZXNzYWdlLDAsMjY3LDAsMCwwLDI1LDEsMCwwLC0xLDgsMCwsLDAsMCwwLDEsLTEsMCwyNSwwLDEwMCwxLCwwLCws;"";1;0;0
HName=Group 1
UIVis=-1,-1,-1,-1,-1,-1,0,0,0,0,0,0
UIWidth=80,194,194,21,64,64,64,64,64,64
GridHeight=526
YMax=0
SplitCount=1
TotalHeight=528
PersistentSel=1
DisplayFrameDotSgn=0
ShowSelFloatingCur=0
Heights=1;0;
UICommon=0,-1,0,0,R3JhcGhpY3MgWyMyXQ__,100,167,7851746234951808183,0
UIFilter=
UISettings=0,2,-1,70

[CANFDTransmit]
BypassPreTx=0
MessageCnt=0
SgnPnlPercent=0
Protocol=1
MsgVis=0,-1,-1,-1,-1,0,0,-1,0,0,0,0,0,0,0,-1,-1,-1,-1,-1,-1,-1,-1,0
MsgPos=0,1,2,3,4,5,6,7,8,9,10,11,12,13,14,15,16,17,18,19,20,21,22,23
SgnVis=-1,-1,-1,-1,-1,-1,-1,0,0,0,-1
SgnPos=0,1,2,3,4,5,6,7,8,9,10
UICommon=0,-1,0,0,Q0FOIC8gQ0FOIEZEIFRyYW5zbWl0,100,79,4874583663916831088,0
UIFilter=

[CCodeEditor]
UICommon=0,-1,-1,0,QyBDb2RlIEVkaXRvciBbQ0NvZGUxMDRd,100,184,6475331849606219968,0
UIFilter=
IsExternal=0
ScriptName=CCode104
DisplayName=CCode104
IsMPLib=0
InclDBs=0
MPDeps=
DBDeps=F93M8_CAN_DEC
LastBuildTime=2025-04-25 21:11:47
Resource=
SrcCodeFileGroup=
VarListClose=0
CompileListClose=0
ReleaseMode=0
FilterAssigned=0
colEntryVis=1
colPropVis=1
compParas=
AutoGenDir=
PreBuildEvent=
PostBuildEvent=
APICnt=0

[CCodeEditor_Doc]
Cnt=0

[CANFDTraceOptions]
UICommon=0,-1,0,0,Q0FOIC8gQ0FOIEZEIFRyYWNl,100,137,742531006399531643,0
UIFilter=
UIConf=2276,-1,0,0,0,0,2,REVGQVVMVA__,C:\Users\Daniel\Desktop\FG9326M8GTEI4\F93M8_CAN\Logging\Snapshot\,Snapshot
IdRemember0=514,
FilterStr=1791,DiagCAN_Response_703|1790,DiagCAN_Request_702
FilterIsPass=0
FilterEnabled=0
HWidth=154,232,100,39,113,50,246,80,62,50,90,40,40,1800,112,150,50,60,55,200,200
HVis=-1,0,0,0,-1,0,-1,0,-1,-1,0,0,0,-1,0,0,0,0,0,0,0

[CANFDTraceOptions1]
UICommon=-1,-1,0,0,Q0FOIC8gQ0FOIEZEIFRyYWNlIFsjMl0_,100,147,756886436484157695,0
UIFilter=
UIConf=2276,-1,-1,-1,0,0,2,REVGQVVMVA__,C:\Users\Daniel\Desktop\FG9326M8GTEI4\F93M8_CAN\Logging\Snapshot\,Snapshot
FilterStr=1791,DiagCAN_Response_DiagMaster|1790,DiagCAN_Request_DiagMaster
FilterIsPass=0
FilterEnabled=1
HWidth=145,120,100,50,42,50,237,80,40,40,90,40,40,1800,112,150,50,60,55,200,200
HVis=-1,0,0,0,-1,0,-1,0,-1,0,0,0,0,-1,0,0,0,0,0,0,0

[PanelOptions]
UICommon=0,-1,-1,0,UGFuZWwgMjcxMw__,100,162,1801721355327270504,0
UIFilter=
Enable=1
State=2
Rate=1
CustomVis=1
UIW=1167
UIH=424
LangEn=0
LangKind=0
LangLock=
LangBase=Panel 2713
HelpKind=0
HelpLock=
Lang1033=
Help1033=
Lang2052=
Help2052=
Lang1028=
Help1028=
Lang1031=
Help1031=
Lang1036=
Help1036=
Lang1041=
Help1041=
Lang1042=
Help1042=
Lang1066=
Help1066=

[TfrmDiagnostics]
UICommon=0,-1,0,0,RGlhZ25vc3RpYw__,100,574,3797941862388178826,0
UIFilter=
FDTCFormGUID=8700391793377438938

[DiagDTC_Analysis]
UICommon=0,-1,0,0,RFRDIEFuYWx5c2lz,100,60,8700391793377438938,0
UIFilter=
